         289         256           1           4
           1           2
           1   0.00000000       0.00000000       0.00000000    
           2   6.25000000E-02   0.00000000       0.00000000    
           3  0.125000000       0.00000000       0.00000000    
           4  0.187500000       0.00000000       0.00000000    
           5  0.250000000       0.00000000       0.00000000    
           6  0.312500000       0.00000000       0.00000000    
           7  0.375000000       0.00000000       0.00000000    
           8  0.437500000       0.00000000       0.00000000    
           9  0.500000000       0.00000000       0.00000000    
          10  0.562500000       0.00000000       0.00000000    
          11  0.625000000       0.00000000       0.00000000    
          12  0.687500000       0.00000000       0.00000000    
          13  0.750000000       0.00000000       0.00000000    
          14  0.812500000       0.00000000       0.00000000    
          15  0.875000000       0.00000000       0.00000000    
          16  0.937500000       0.00000000       0.00000000    
          17   1.00000000       0.00000000       0.00000000    
          18   0.00000000       6.25000000E-02   0.00000000    
          19   6.25000000E-02   6.25000000E-02   0.00000000    
          20  0.125000000       6.25000000E-02   0.00000000    
          21  0.187500000       6.25000000E-02   0.00000000    
          22  0.250000000       6.25000000E-02   0.00000000    
          23  0.312500000       6.25000000E-02   0.00000000    
          24  0.375000000       6.25000000E-02   0.00000000    
          25  0.437500000       6.25000000E-02   0.00000000    
          26  0.500000000       6.25000000E-02   0.00000000    
          27  0.562500000       6.25000000E-02   0.00000000    
          28  0.625000000       6.25000000E-02   0.00000000    
          29  0.687500000       6.25000000E-02   0.00000000    
          30  0.750000000       6.25000000E-02   0.00000000    
          31  0.812500000       6.25000000E-02   0.00000000    
          32  0.875000000       6.25000000E-02   0.00000000    
          33  0.937500000       6.25000000E-02   0.00000000    
          34   1.00000000       6.25000000E-02   0.00000000    
          35   0.00000000      0.125000000       0.00000000    
          36   6.25000000E-02  0.125000000       0.00000000    
          37  0.125000000      0.125000000       0.00000000    
          38  0.187500000      0.125000000       0.00000000    
          39  0.250000000      0.125000000       0.00000000    
          40  0.312500000      0.125000000       0.00000000    
          41  0.375000000      0.125000000       0.00000000    
          42  0.437500000      0.125000000       0.00000000    
          43  0.500000000      0.125000000       0.00000000    
          44  0.562500000      0.125000000       0.00000000    
          45  0.625000000      0.125000000       0.00000000    
          46  0.687500000      0.125000000       0.00000000    
          47  0.750000000      0.125000000       0.00000000    
          48  0.812500000      0.125000000       0.00000000    
          49  0.875000000      0.125000000       0.00000000    
          50  0.937500000      0.125000000       0.00000000    
          51   1.00000000      0.125000000       0.00000000    
          52   0.00000000      0.187500000       0.00000000    
          53   6.25000000E-02  0.187500000       0.00000000    
          54  0.125000000      0.187500000       0.00000000    
          55  0.187500000      0.187500000       0.00000000    
          56  0.250000000      0.187500000       0.00000000    
          57  0.312500000      0.187500000       0.00000000    
          58  0.375000000      0.187500000       0.00000000    
          59  0.437500000      0.187500000       0.00000000    
          60  0.500000000      0.187500000       0.00000000    
          61  0.562500000      0.187500000       0.00000000    
          62  0.625000000      0.187500000       0.00000000    
          63  0.687500000      0.187500000       0.00000000    
          64  0.750000000      0.187500000       0.00000000    
          65  0.812500000      0.187500000       0.00000000    
          66  0.875000000      0.187500000       0.00000000    
          67  0.937500000      0.187500000       0.00000000    
          68   1.00000000      0.187500000       0.00000000    
          69   0.00000000      0.250000000       0.00000000    
          70   6.25000000E-02  0.250000000       0.00000000    
          71  0.125000000      0.250000000       0.00000000    
          72  0.187500000      0.250000000       0.00000000    
          73  0.250000000      0.250000000       0.00000000    
          74  0.312500000      0.250000000       0.00000000    
          75  0.375000000      0.250000000       0.00000000    
          76  0.437500000      0.250000000       0.00000000    
          77  0.500000000      0.250000000       0.00000000    
          78  0.562500000      0.250000000       0.00000000    
          79  0.625000000      0.250000000       0.00000000    
          80  0.687500000      0.250000000       0.00000000    
          81  0.750000000      0.250000000       0.00000000    
          82  0.812500000      0.250000000       0.00000000    
          83  0.875000000      0.250000000       0.00000000    
          84  0.937500000      0.250000000       0.00000000    
          85   1.00000000      0.250000000       0.00000000    
          86   0.00000000      0.312500000       0.00000000    
          87   6.25000000E-02  0.312500000       0.00000000    
          88  0.125000000      0.312500000       0.00000000    
          89  0.187500000      0.312500000       0.00000000    
          90  0.250000000      0.312500000       0.00000000    
          91  0.312500000      0.312500000       0.00000000    
          92  0.375000000      0.312500000       0.00000000    
          93  0.437500000      0.312500000       0.00000000    
          94  0.500000000      0.312500000       0.00000000    
          95  0.562500000      0.312500000       0.00000000    
          96  0.625000000      0.312500000       0.00000000    
          97  0.687500000      0.312500000       0.00000000    
          98  0.750000000      0.312500000       0.00000000    
          99  0.812500000      0.312500000       0.00000000    
         100  0.875000000      0.312500000       0.00000000    
         101  0.937500000      0.312500000       0.00000000    
         102   1.00000000      0.312500000       0.00000000    
         103   0.00000000      0.375000000       0.00000000    
         104   6.25000000E-02  0.375000000       0.00000000    
         105  0.125000000      0.375000000       0.00000000    
         106  0.187500000      0.375000000       0.00000000    
         107  0.250000000      0.375000000       0.00000000    
         108  0.312500000      0.375000000       0.00000000    
         109  0.375000000      0.375000000       0.00000000    
         110  0.437500000      0.375000000       0.00000000    
         111  0.500000000      0.375000000       0.00000000    
         112  0.562500000      0.375000000       0.00000000    
         113  0.625000000      0.375000000       0.00000000    
         114  0.687500000      0.375000000       0.00000000    
         115  0.750000000      0.375000000       0.00000000    
         116  0.812500000      0.375000000       0.00000000    
         117  0.875000000      0.375000000       0.00000000    
         118  0.937500000      0.375000000       0.00000000    
         119   1.00000000      0.375000000       0.00000000    
         120   0.00000000      0.437500000       0.00000000    
         121   6.25000000E-02  0.437500000       0.00000000    
         122  0.125000000      0.437500000       0.00000000    
         123  0.187500000      0.437500000       0.00000000    
         124  0.250000000      0.437500000       0.00000000    
         125  0.312500000      0.437500000       0.00000000    
         126  0.375000000      0.437500000       0.00000000    
         127  0.437500000      0.437500000       0.00000000    
         128  0.500000000      0.437500000       0.00000000    
         129  0.562500000      0.437500000       0.00000000    
         130  0.625000000      0.437500000       0.00000000    
         131  0.687500000      0.437500000       0.00000000    
         132  0.750000000      0.437500000       0.00000000    
         133  0.812500000      0.437500000       0.00000000    
         134  0.875000000      0.437500000       0.00000000    
         135  0.937500000      0.437500000       0.00000000    
         136   1.00000000      0.437500000       0.00000000    
         137   0.00000000      0.500000000       0.00000000    
         138   6.25000000E-02  0.500000000       0.00000000    
         139  0.125000000      0.500000000       0.00000000    
         140  0.187500000      0.500000000       0.00000000    
         141  0.250000000      0.500000000       0.00000000    
         142  0.312500000      0.500000000       0.00000000    
         143  0.375000000      0.500000000       0.00000000    
         144  0.437500000      0.500000000       0.00000000    
         145  0.500000000      0.500000000       0.00000000    
         146  0.562500000      0.500000000       0.00000000    
         147  0.625000000      0.500000000       0.00000000    
         148  0.687500000      0.500000000       0.00000000    
         149  0.750000000      0.500000000       0.00000000    
         150  0.812500000      0.500000000       0.00000000    
         151  0.875000000      0.500000000       0.00000000    
         152  0.937500000      0.500000000       0.00000000    
         153   1.00000000      0.500000000       0.00000000    
         154   0.00000000      0.562500000       0.00000000    
         155   6.25000000E-02  0.562500000       0.00000000    
         156  0.125000000      0.562500000       0.00000000    
         157  0.187500000      0.562500000       0.00000000    
         158  0.250000000      0.562500000       0.00000000    
         159  0.312500000      0.562500000       0.00000000    
         160  0.375000000      0.562500000       0.00000000    
         161  0.437500000      0.562500000       0.00000000    
         162  0.500000000      0.562500000       0.00000000    
         163  0.562500000      0.562500000       0.00000000    
         164  0.625000000      0.562500000       0.00000000    
         165  0.687500000      0.562500000       0.00000000    
         166  0.750000000      0.562500000       0.00000000    
         167  0.812500000      0.562500000       0.00000000    
         168  0.875000000      0.562500000       0.00000000    
         169  0.937500000      0.562500000       0.00000000    
         170   1.00000000      0.562500000       0.00000000    
         171   0.00000000      0.625000000       0.00000000    
         172   6.25000000E-02  0.625000000       0.00000000    
         173  0.125000000      0.625000000       0.00000000    
         174  0.187500000      0.625000000       0.00000000    
         175  0.250000000      0.625000000       0.00000000    
         176  0.312500000      0.625000000       0.00000000    
         177  0.375000000      0.625000000       0.00000000    
         178  0.437500000      0.625000000       0.00000000    
         179  0.500000000      0.625000000       0.00000000    
         180  0.562500000      0.625000000       0.00000000    
         181  0.625000000      0.625000000       0.00000000    
         182  0.687500000      0.625000000       0.00000000    
         183  0.750000000      0.625000000       0.00000000    
         184  0.812500000      0.625000000       0.00000000    
         185  0.875000000      0.625000000       0.00000000    
         186  0.937500000      0.625000000       0.00000000    
         187   1.00000000      0.625000000       0.00000000    
         188   0.00000000      0.687500000       0.00000000    
         189   6.25000000E-02  0.687500000       0.00000000    
         190  0.125000000      0.687500000       0.00000000    
         191  0.187500000      0.687500000       0.00000000    
         192  0.250000000      0.687500000       0.00000000    
         193  0.312500000      0.687500000       0.00000000    
         194  0.375000000      0.687500000       0.00000000    
         195  0.437500000      0.687500000       0.00000000    
         196  0.500000000      0.687500000       0.00000000    
         197  0.562500000      0.687500000       0.00000000    
         198  0.625000000      0.687500000       0.00000000    
         199  0.687500000      0.687500000       0.00000000    
         200  0.750000000      0.687500000       0.00000000    
         201  0.812500000      0.687500000       0.00000000    
         202  0.875000000      0.687500000       0.00000000    
         203  0.937500000      0.687500000       0.00000000    
         204   1.00000000      0.687500000       0.00000000    
         205   0.00000000      0.750000000       0.00000000    
         206   6.25000000E-02  0.750000000       0.00000000    
         207  0.125000000      0.750000000       0.00000000    
         208  0.187500000      0.750000000       0.00000000    
         209  0.250000000      0.750000000       0.00000000    
         210  0.312500000      0.750000000       0.00000000    
         211  0.375000000      0.750000000       0.00000000    
         212  0.437500000      0.750000000       0.00000000    
         213  0.500000000      0.750000000       0.00000000    
         214  0.562500000      0.750000000       0.00000000    
         215  0.625000000      0.750000000       0.00000000    
         216  0.687500000      0.750000000       0.00000000    
         217  0.750000000      0.750000000       0.00000000    
         218  0.812500000      0.750000000       0.00000000    
         219  0.875000000      0.750000000       0.00000000    
         220  0.937500000      0.750000000       0.00000000    
         221   1.00000000      0.750000000       0.00000000    
         222   0.00000000      0.812500000       0.00000000    
         223   6.25000000E-02  0.812500000       0.00000000    
         224  0.125000000      0.812500000       0.00000000    
         225  0.187500000      0.812500000       0.00000000    
         226  0.250000000      0.812500000       0.00000000    
         227  0.312500000      0.812500000       0.00000000    
         228  0.375000000      0.812500000       0.00000000    
         229  0.437500000      0.812500000       0.00000000    
         230  0.500000000      0.812500000       0.00000000    
         231  0.562500000      0.812500000       0.00000000    
         232  0.625000000      0.812500000       0.00000000    
         233  0.687500000      0.812500000       0.00000000    
         234  0.750000000      0.812500000       0.00000000    
         235  0.812500000      0.812500000       0.00000000    
         236  0.875000000      0.812500000       0.00000000    
         237  0.937500000      0.812500000       0.00000000    
         238   1.00000000      0.812500000       0.00000000    
         239   0.00000000      0.875000000       0.00000000    
         240   6.25000000E-02  0.875000000       0.00000000    
         241  0.125000000      0.875000000       0.00000000    
         242  0.187500000      0.875000000       0.00000000    
         243  0.250000000      0.875000000       0.00000000    
         244  0.312500000      0.875000000       0.00000000    
         245  0.375000000      0.875000000       0.00000000    
         246  0.437500000      0.875000000       0.00000000    
         247  0.500000000      0.875000000       0.00000000    
         248  0.562500000      0.875000000       0.00000000    
         249  0.625000000      0.875000000       0.00000000    
         250  0.687500000      0.875000000       0.00000000    
         251  0.750000000      0.875000000       0.00000000    
         252  0.812500000      0.875000000       0.00000000    
         253  0.875000000      0.875000000       0.00000000    
         254  0.937500000      0.875000000       0.00000000    
         255   1.00000000      0.875000000       0.00000000    
         256   0.00000000      0.937500000       0.00000000    
         257   6.25000000E-02  0.937500000       0.00000000    
         258  0.125000000      0.937500000       0.00000000    
         259  0.187500000      0.937500000       0.00000000    
         260  0.250000000      0.937500000       0.00000000    
         261  0.312500000      0.937500000       0.00000000    
         262  0.375000000      0.937500000       0.00000000    
         263  0.437500000      0.937500000       0.00000000    
         264  0.500000000      0.937500000       0.00000000    
         265  0.562500000      0.937500000       0.00000000    
         266  0.625000000      0.937500000       0.00000000    
         267  0.687500000      0.937500000       0.00000000    
         268  0.750000000      0.937500000       0.00000000    
         269  0.812500000      0.937500000       0.00000000    
         270  0.875000000      0.937500000       0.00000000    
         271  0.937500000      0.937500000       0.00000000    
         272   1.00000000      0.937500000       0.00000000    
         273   0.00000000       1.00000000       0.00000000    
         274   6.25000000E-02   1.00000000       0.00000000    
         275  0.125000000       1.00000000       0.00000000    
         276  0.187500000       1.00000000       0.00000000    
         277  0.250000000       1.00000000       0.00000000    
         278  0.312500000       1.00000000       0.00000000    
         279  0.375000000       1.00000000       0.00000000    
         280  0.437500000       1.00000000       0.00000000    
         281  0.500000000       1.00000000       0.00000000    
         282  0.562500000       1.00000000       0.00000000    
         283  0.625000000       1.00000000       0.00000000    
         284  0.687500000       1.00000000       0.00000000    
         285  0.750000000       1.00000000       0.00000000    
         286  0.812500000       1.00000000       0.00000000    
         287  0.875000000       1.00000000       0.00000000    
         288  0.937500000       1.00000000       0.00000000    
         289   1.00000000       1.00000000       0.00000000    
           1           1           2          18          19           1
           2           2           3          19          20           1
           3           3           4          20          21           1
           4           4           5          21          22           1
           5           5           6          22          23           1
           6           6           7          23          24           1
           7           7           8          24          25           1
           8           8           9          25          26           1
           9           9          10          26          27           1
          10          10          11          27          28           1
          11          11          12          28          29           1
          12          12          13          29          30           1
          13          13          14          30          31           1
          14          14          15          31          32           1
          15          15          16          32          33           1
          16          16          17          33          34           1
          17          18          19          35          36           1
          18          19          20          36          37           1
          19          20          21          37          38           1
          20          21          22          38          39           1
          21          22          23          39          40           1
          22          23          24          40          41           1
          23          24          25          41          42           1
          24          25          26          42          43           1
          25          26          27          43          44           1
          26          27          28          44          45           1
          27          28          29          45          46           1
          28          29          30          46          47           1
          29          30          31          47          48           1
          30          31          32          48          49           1
          31          32          33          49          50           1
          32          33          34          50          51           1
          33          35          36          52          53           1
          34          36          37          53          54           1
          35          37          38          54          55           1
          36          38          39          55          56           1
          37          39          40          56          57           1
          38          40          41          57          58           1
          39          41          42          58          59           1
          40          42          43          59          60           1
          41          43          44          60          61           1
          42          44          45          61          62           1
          43          45          46          62          63           1
          44          46          47          63          64           1
          45          47          48          64          65           1
          46          48          49          65          66           1
          47          49          50          66          67           1
          48          50          51          67          68           1
          49          52          53          69          70           1
          50          53          54          70          71           1
          51          54          55          71          72           1
          52          55          56          72          73           1
          53          56          57          73          74           1
          54          57          58          74          75           1
          55          58          59          75          76           1
          56          59          60          76          77           1
          57          60          61          77          78           1
          58          61          62          78          79           1
          59          62          63          79          80           1
          60          63          64          80          81           1
          61          64          65          81          82           1
          62          65          66          82          83           1
          63          66          67          83          84           1
          64          67          68          84          85           1
          65          69          70          86          87           1
          66          70          71          87          88           1
          67          71          72          88          89           1
          68          72          73          89          90           1
          69          73          74          90          91           1
          70          74          75          91          92           1
          71          75          76          92          93           1
          72          76          77          93          94           1
          73          77          78          94          95           1
          74          78          79          95          96           1
          75          79          80          96          97           1
          76          80          81          97          98           1
          77          81          82          98          99           1
          78          82          83          99         100           1
          79          83          84         100         101           1
          80          84          85         101         102           1
          81          86          87         103         104           1
          82          87          88         104         105           1
          83          88          89         105         106           1
          84          89          90         106         107           1
          85          90          91         107         108           1
          86          91          92         108         109           1
          87          92          93         109         110           1
          88          93          94         110         111           1
          89          94          95         111         112           1
          90          95          96         112         113           1
          91          96          97         113         114           1
          92          97          98         114         115           1
          93          98          99         115         116           1
          94          99         100         116         117           1
          95         100         101         117         118           1
          96         101         102         118         119           1
          97         103         104         120         121           1
          98         104         105         121         122           1
          99         105         106         122         123           1
         100         106         107         123         124           1
         101         107         108         124         125           1
         102         108         109         125         126           1
         103         109         110         126         127           1
         104         110         111         127         128           1
         105         111         112         128         129           1
         106         112         113         129         130           1
         107         113         114         130         131           1
         108         114         115         131         132           1
         109         115         116         132         133           1
         110         116         117         133         134           1
         111         117         118         134         135           1
         112         118         119         135         136           1
         113         120         121         137         138           1
         114         121         122         138         139           1
         115         122         123         139         140           1
         116         123         124         140         141           1
         117         124         125         141         142           1
         118         125         126         142         143           1
         119         126         127         143         144           1
         120         127         128         144         145           1
         121         128         129         145         146           1
         122         129         130         146         147           1
         123         130         131         147         148           1
         124         131         132         148         149           1
         125         132         133         149         150           1
         126         133         134         150         151           1
         127         134         135         151         152           1
         128         135         136         152         153           1
         129         137         138         154         155           1
         130         138         139         155         156           1
         131         139         140         156         157           1
         132         140         141         157         158           1
         133         141         142         158         159           1
         134         142         143         159         160           1
         135         143         144         160         161           1
         136         144         145         161         162           1
         137         145         146         162         163           1
         138         146         147         163         164           1
         139         147         148         164         165           1
         140         148         149         165         166           1
         141         149         150         166         167           1
         142         150         151         167         168           1
         143         151         152         168         169           1
         144         152         153         169         170           1
         145         154         155         171         172           1
         146         155         156         172         173           1
         147         156         157         173         174           1
         148         157         158         174         175           1
         149         158         159         175         176           1
         150         159         160         176         177           1
         151         160         161         177         178           1
         152         161         162         178         179           1
         153         162         163         179         180           1
         154         163         164         180         181           1
         155         164         165         181         182           1
         156         165         166         182         183           1
         157         166         167         183         184           1
         158         167         168         184         185           1
         159         168         169         185         186           1
         160         169         170         186         187           1
         161         171         172         188         189           1
         162         172         173         189         190           1
         163         173         174         190         191           1
         164         174         175         191         192           1
         165         175         176         192         193           1
         166         176         177         193         194           1
         167         177         178         194         195           1
         168         178         179         195         196           1
         169         179         180         196         197           1
         170         180         181         197         198           1
         171         181         182         198         199           1
         172         182         183         199         200           1
         173         183         184         200         201           1
         174         184         185         201         202           1
         175         185         186         202         203           1
         176         186         187         203         204           1
         177         188         189         205         206           1
         178         189         190         206         207           1
         179         190         191         207         208           1
         180         191         192         208         209           1
         181         192         193         209         210           1
         182         193         194         210         211           1
         183         194         195         211         212           1
         184         195         196         212         213           1
         185         196         197         213         214           1
         186         197         198         214         215           1
         187         198         199         215         216           1
         188         199         200         216         217           1
         189         200         201         217         218           1
         190         201         202         218         219           1
         191         202         203         219         220           1
         192         203         204         220         221           1
         193         205         206         222         223           1
         194         206         207         223         224           1
         195         207         208         224         225           1
         196         208         209         225         226           1
         197         209         210         226         227           1
         198         210         211         227         228           1
         199         211         212         228         229           1
         200         212         213         229         230           1
         201         213         214         230         231           1
         202         214         215         231         232           1
         203         215         216         232         233           1
         204         216         217         233         234           1
         205         217         218         234         235           1
         206         218         219         235         236           1
         207         219         220         236         237           1
         208         220         221         237         238           1
         209         222         223         239         240           1
         210         223         224         240         241           1
         211         224         225         241         242           1
         212         225         226         242         243           1
         213         226         227         243         244           1
         214         227         228         244         245           1
         215         228         229         245         246           1
         216         229         230         246         247           1
         217         230         231         247         248           1
         218         231         232         248         249           1
         219         232         233         249         250           1
         220         233         234         250         251           1
         221         234         235         251         252           1
         222         235         236         252         253           1
         223         236         237         253         254           1
         224         237         238         254         255           1
         225         239         240         256         257           1
         226         240         241         257         258           1
         227         241         242         258         259           1
         228         242         243         259         260           1
         229         243         244         260         261           1
         230         244         245         261         262           1
         231         245         246         262         263           1
         232         246         247         263         264           1
         233         247         248         264         265           1
         234         248         249         265         266           1
         235         249         250         266         267           1
         236         250         251         267         268           1
         237         251         252         268         269           1
         238         252         253         269         270           1
         239         253         254         270         271           1
         240         254         255         271         272           1
         241         256         257         273         274           1
         242         257         258         274         275           1
         243         258         259         275         276           1
         244         259         260         276         277           1
         245         260         261         277         278           1
         246         261         262         278         279           1
         247         262         263         279         280           1
         248         263         264         280         281           1
         249         264         265         281         282           1
         250         265         266         282         283           1
         251         266         267         283         284           1
         252         267         268         284         285           1
         253         268         269         285         286           1
         254         269         270         286         287           1
         255         270         271         287         288           1
         256         271         272         288         289           1
           1           1           1
          18           1           1
          35           1           1
          52           1           1
          69           1           1
          86           1           1
         103           1           1
         120           1           1
         137           1           1
         154           1           1
         171           1           1
         188           1           1
         205           1           1
         222           1           1
         239           1           1
         256           1           1
         273           1           1
           0           0           0
         273   0.00000000      -3.12500000E-02
         274   0.00000000      -6.25000000E-02
         275   0.00000000      -6.25000000E-02
         276   0.00000000      -6.25000000E-02
         277   0.00000000      -6.25000000E-02
         278   0.00000000      -6.25000000E-02
         279   0.00000000      -6.25000000E-02
         280   0.00000000      -6.25000000E-02
         281   0.00000000      -6.25000000E-02
         282   0.00000000      -6.25000000E-02
         283   0.00000000      -6.25000000E-02
         284   0.00000000      -6.25000000E-02
         285   0.00000000      -6.25000000E-02
         286   0.00000000      -6.25000000E-02
         287   0.00000000      -6.25000000E-02
         288   0.00000000      -6.25000000E-02
         289   0.00000000      -3.12500000E-02
           0           0           0
