           9           4           1           4
           1           2
           1   0.00000000       0.00000000       0.00000000    
           2  0.500000000       0.00000000       0.00000000    
           3   1.00000000       0.00000000       0.00000000    
           4   0.00000000      0.500000000       0.00000000    
           5  0.500000000      0.500000000       0.00000000    
           6   1.00000000      0.500000000       0.00000000    
           7   0.00000000       1.00000000       0.00000000    
           8  0.500000000       1.00000000       0.00000000    
           9   1.00000000       1.00000000       0.00000000    
           1           1           2           4           5           1
           2           2           3           5           6           1
           3           4           5           7           8           1
           4           5           6           8           9           1
           1           1           1
           4           1           1
           7           1           1
           0           0           0
           7   0.00000000     -0.250000000    
           8   0.00000000     -0.500000000    
           9   0.00000000     -0.250000000    
           0           0           0
